list(M.a = 40, M.b = 20, obs.a = 18, obs.b = 9, trap = structure(c(271530L, 
271573L, 271660L, 271703L, 271518L, 271561L, 271647L, 271691L, 
271505L, 271548L, 271635L, 271678L, 271492L, 271536L, 271622L, 
271666L, 271480L, 271523L, 271610L, 271653L, 3882195L, 3882170L, 
3882120L, 3882095L, 3882173L, 3882148L, 3882098L, 3882073L, 3882152L, 
3882127L, 3882077L, 3882052L, 3882130L, 3882105L, 3882055L, 3882030L, 
3882108L, 3882083L, 3882033L, 3882008L, 273626L, 273613L, 273587L, 
273574L, 273650L, 273637L, 273611L, 273598L, 273674L, 273661L, 
273635L, 273623L, 273698L, 273686L, 273660L, 273647L, 273723L, 
273710L, 273684L, 273671L, 3881881L, 3881929L, 3882026L, 3882074L, 
3881887L, 3881936L, 3882032L, 3882081L, 3881894L, 3881942L, 3882039L, 
3882087L, 3881900L, 3881949L, 3882045L, 3882094L, 3881907L, 3881955L, 
3882052L, 3882100L, 276375L, 276362L, 276336L, 276323L, 276399L, 
276386L, 276360L, 276347L, 276423L, 276410L, 276384L, 276372L, 
276447L, 276435L, 276409L, 276396L, 276472L, 276458L, 276433L, 
276420L, 3880460L, 3880508L, 3880605L, 3880653L, 3880466L, 3880515L, 
3880611L, 3880660L, 3880473L, 3880521L, 3880618L, 3880666L, 3880479L, 
3880528L, 3880624L, 3880673L, 3880486L, 3880534L, 3880631L, 3880679L, 
276583L, 276694L, 276669L, 276698L, 276604L, 276673L, 276690L, 
276718L, 276624L, 276653L, 276710L, 276739L, 276644L, 276632L, 
276730L, 276759L, 276780L, 276665L, 276612L, 276751L, 3878341L, 
3878325L, 3878464L, 3878505L, 3878327L, 3878339L, 3878450L, 3878490L, 
3878312L, 3878353L, 3878435L, 3878476L, 3878298L, 3878368L, 3878421L, 
3878462L, 3878447L, 3878284L, 3878382L, 3878407L, 276508L, 276473L, 
276368L, 276314L, 276505L, 276474L, 276364L, 276328L, 276509L, 
276472L, 276375L, 276323L, 276518L, 276464L, 276358L, 276300L, 
276520L, 276456L, 276361L, 276310L, 3878805L, 3878810L, 3878797L, 
3878802L, 3878820L, 3878819L, 3878817L, 3878816L, 3878841L, 3878861L, 
3878858L, 3878837L, 3878882L, 3878870L, 3878874L, 3878873L, 3878908L, 
3878894L, 3878897L, 3878894L, 273168L, 273119L, 273020L, 272971L, 
273164L, 273114L, 273016L, 272967L, 273159L, 273110L, 273012L, 
272962L, 273155L, 273106L, 273007L, 272958L, 273151L, 273101L, 
273003L, 272954L, 3880462L, 3880453L, 3880436L, 3880427L, 3880487L, 
3880478L, 3880461L, 3880452L, 3880511L, 3880503L, 3880485L, 3880477L, 
3880536L, 3880527L, 3880510L, 3880501L, 3880561L, 3880552L, 3880534L, 
3880526L, 270915L, 270890L, 270840L, 270814L, 270936L, 270911L, 
270861L, 270836L, 270958L, 270933L, 270883L, 270858L, 270979L, 
270954L, 270904L, 270879L, 271001L, 270976L, 270926L, 270901L, 
3882270L, 3882314L, 3882400L, 3882444L, 3882283L, 3882326L, 3882413L, 
3882456L, 3882295L, 3882339L, 3882425L, 3882469L, 3882308L, 3882351L, 
3882438L, 3882481L, 3882320L, 3882364L, 3882450L, 3882494L, 273923L, 
273902L, 273860L, 273838L, 273900L, 273879L, 273837L, 273816L, 
273878L, 273857L, 273814L, 273793L, 273855L, 273834L, 273792L, 
273771L, 273832L, 273811L, 273769L, 273748L, 3880986L, 3880941L, 
3880850L, 3880805L, 3880997L, 3880951L, 3880861L, 3880815L, 3881007L, 
3880962L, 3880871L, 3880826L, 3881018L, 3880972L, 3880882L, 3880836L, 
3881028L, 3880983L, 3880892L, 3880847L, 277678L, 277634L, 277548L, 
277505L, 277665L, 277622L, 277536L, 277492L, 277653L, 277610L, 
277523L, 277480L, 277640L, 277597L, 277511L, 277467L, 277628L, 
277585L, 277498L, 277455L, 3879407L, 3879383L, 3879333L, 3879308L, 
3879430L, 3879405L, 3879355L, 3879330L, 3879451L, 3879426L, 3879376L, 
3879351L, 3879473L, 3879448L, 3879398L, 3879373L, 3879495L, 3879470L, 
3879420L, 3879395L, 273184L, 273197L, 273223L, 273236L, 273160L, 
273173L, 273199L, 273212L, 273136L, 273149L, 273175L, 273188L, 
273112L, 273125L, 273151L, 273163L, 273088L, 273101L, 273126L, 
273139L, 3878325L, 3878277L, 3878180L, 3878132L, 3878318L, 3878270L, 
3878174L, 3878125L, 3878312L, 3878264L, 3878167L, 3878119L, 3878306L, 
3878257L, 3878161L, 3878112L, 3878299L, 3878251L, 3878154L, 3878106L, 
277670L, 277627L, 277540L, 277497L, 277658L, 277614L, 277528L, 
277485L, 277645L, 277602L, 277515L, 277472L, 277633L, 277590L, 
277503L, 277460L, 277620L, 277577L, 277490L, 277447L, 3882712L, 
3882687L, 3882637L, 3882612L, 3882734L, 3882709L, 3882659L, 3882634L, 
3882756L, 3882731L, 3882681L, 3882656L, 3882777L, 3882752L, 3882702L, 
3882677L, 3882799L, 3882774L, 3882724L, 3882699L, 273702L, 273723L, 
273765L, 273786L, 273726L, 273747L, 273789L, 273810L, 273750L, 
273771L, 273813L, 273834L, 273774L, 273795L, 273837L, 273858L, 
273798L, 273819L, 273861L, 273882L, 3879614L, 3879569L, 3879479L, 
3879434L, 3879624L, 3879579L, 3879489L, 3879444L, 3879634L, 3879589L, 
3879499L, 3879454L, 3879644L, 3879599L, 3879509L, 3879464L, 3879654L, 
3879609L, 3879519L, 3879474L, 270800L, 270800L, 270800L, 270800L, 
270825L, 270825L, 270825L, 270825L, 270850L, 270850L, 270850L, 
270850L, 270875L, 270875L, 270875L, 270875L, 270900L, 270900L, 
270900L, 270900L, 3881501L, 3881551L, 3881650L, 3881700L, 3881501L, 
3881551L, 3881650L, 3881700L, 3881501L, 3881551L, 3881650L, 3881700L, 
3881501L, 3881551L, 3881650L, 3881700L, 3881501L, 3881551L, 3881650L, 
3881700L, 276559L, 276598L, 276674L, 276712L, 276575L, 276613L, 
276690L, 276729L, 276592L, 276630L, 276706L, 276744L, 276607L, 
276645L, 276722L, 276761L, 276624L, 276662L, 276738L, 276776L, 
3883731L, 3883763L, 3883827L, 3883859L, 3883711L, 3883744L, 3883808L, 
3883840L, 3883692L, 3883724L, 3883789L, 3883821L, 3883673L, 3883705L, 
3883770L, 3883802L, 3883654L, 3883686L, 3883750L, 3883783L, 277283L, 
277254L, 277197L, 277168L, 277303L, 277274L, 277217L, 277188L, 
277324L, 277295L, 277237L, 277209L, 277344L, 277315L, 277258L, 
277229L, 277364L, 277336L, 277278L, 277250L, 3879934L, 3879975L, 
3880057L, 3880098L, 3879948L, 3879989L, 3880071L, 3880112L, 3879963L, 
3880004L, 3880086L, 3880127L, 3879977L, 3880018L, 3880100L, 3880141L, 
3879975L, 3880032L, 3880114L, 3880155L, 275112L, 275069L, 274982L, 
274938L, 275099L, 275056L, 274969L, 274926L, 275086L, 275043L, 
274957L, 274913L, 275074L, 275031L, 274944L, 274901L, 275061L, 
275018L, 274932L, 274889L, 3879927L, 3879902L, 3879852L, 3879827L, 
3879948L, 3879923L, 3879873L, 3879848L, 3879970L, 3879945L, 3879895L, 
3879870L, 3879992L, 3879967L, 3879917L, 3879892L, 3880013L, 3879988L, 
3879938L, 3879913L, 275686L, 275722L, 275792L, 275828L, 275669L, 
275704L, 275775L, 275810L, 275651L, 275686L, 275757L, 275792L, 
275633L, 275669L, 275739L, 275775L, 275616L, 275651L, 275722L, 
275757L, 3881450L, 3881414L, 3881344L, 3881308L, 3881432L, 3881397L, 
3881326L, 3881290L, 3881414L, 3881379L, 3881308L, 3881273L, 3881397L, 
3881361L, 3881290L, 3881255L, 3881379L, 3881344L, 3881273L, 3881237L, 
276073L, 276083L, 276103L, 276112L, 276049L, 276058L, 276078L, 
276088L, 276024L, 276034L, 276054L, 276063L, 276000L, 276009L, 
276029L, 276039L, 275975L, 275985L, 276004L, 276014L, 3879546L, 
3879497L, 3879399L, 3879350L, 3879541L, 3879492L, 3879394L, 3879345L, 
3879536L, 3879487L, 3879389L, 3879340L, 3879531L, 3879482L, 3879384L, 
3879335L, 3879526L, 3879477L, 3879379L, 3879330L, 275863L, 275912L, 
276010L, 276060L, 275867L, 275916L, 276015L, 276064L, 275871L, 
275921L, 276019L, 276068L, 275876L, 275925L, 276023L, 276073L, 
275880L, 275929L, 276028L, 276077L, 3881897L, 3881905L, 3881923L, 
3881932L, 3881872L, 3881881L, 3881898L, 3881907L, 3881848L, 3881856L, 
3881874L, 3881882L, 3881823L, 3881832L, 3881849L, 3881858L, 3881798L, 
3881807L, 3881824L, 3881833L), .Dim = c(20L, 2L, 19L)),